0.0
-0.5812499999999999
-1.1624999999999999
-1.74375
-2.3249999999999997
0.0
-0.5512499999999999
-1.1024999999999998
-1.6537499999999996
-2.2049999999999996
0.0
-0.5212499999999999
-1.0424999999999998
-1.5637499999999998
-2.0849999999999995
0.0
-0.49624999999999997
-0.9924999999999999
-1.48875
-1.9849999999999999
0.0
-0.47624999999999995
-0.9524999999999999
-1.42875
-1.9049999999999998
0.0
-0.4562499999999999
-0.9124999999999998
-1.3687499999999997
-1.8249999999999995
0.0
-0.4125
-0.825
-1.2374999999999998
-1.65
0.0
-0.41041666666666665
-0.8208333333333333
-1.23125
-1.6416666666666666
0.0
-0.3912499999999998
-0.7824999999999996
-1.1737499999999994
-1.5649999999999993
0.0
-0.3612499999999998
-0.7224999999999996
-1.0837499999999993
-1.4449999999999992
